2500.000000 1.000000 0.000000 0.000000 0.000000
r : 1.000405 -0.000467 -0.000013 0.000300 0.000000 0.000000
g : 1.000000 -0.000000 0.000000 -0.000000 0.000000 0.000000
b : 1.000312 -0.000260 0.002255 -0.001722 0.000000 0.000000
